Unrecognized input:
7
0 1 1 0
1 1 1 1 
1 0 0 0 
1 1 0 1
6
0 1 0 1 0 0
1 0 0 1 1 0
0 0 1 0 0 1
0 0 0 0 1 0
1 0 0 0 0 0
0 0 1 0 0 2
0 0 0
4
1 0 0 1
0 0 1 1
1 1 1 0
0 0 2 1
6
slurpie
$#%^&*(

Recognized Input:
3 graphs recognized

Graph #1
Size: 3
Binary Implementation (mirror input):
[0, 1, 1]
[1, 0, 1]
[1, 1, 0]
Linked Implementation:
Node 0 Neighbors: [2, 3]
Node 1 Neighbors: [1, 3]
Node 2 Neighbors: [1, 2]

Graph #2
Size: 3
Binary Implementation (mirror input):
[1, 0, 1]
[1, 1, 1]
[1, 0, 0]
Linked Implementation:
Node 0 Neighbors: [1, 3]
Node 1 Neighbors: [1, 2, 3]
Node 2 Neighbors: [1]

Graph #3
Size: 5
Binary Implementation (mirror input):
[1, 1, 1, 1, 1]
[1, 1, 1, 1, 1]
[1, 1, 1, 1, 1]
[1, 1, 1, 1, 1]
[1, 1, 1, 1, 1]
Linked Implementation:
Node 0 Neighbors: [1, 2, 3, 4, 5]
Node 1 Neighbors: [1, 2, 3, 4, 5]
Node 2 Neighbors: [1, 2, 3, 4, 5]
Node 3 Neighbors: [1, 2, 3, 4, 5]
Node 4 Neighbors: [1, 2, 3, 4, 5]


Paths on Graph: 1
There are 4 paths from 1 to 1 on graph #1:
[1, 2, 1]
[1, 2, 3, 1]
[1, 3, 1]
[1, 3, 2, 1]

There are 2 paths from 1 to 2 on graph #1:
[1, 2]
[1, 3, 2]

There are 2 paths from 1 to 3 on graph #1:
[1, 2, 3]
[1, 3]

There are 2 paths from 2 to 1 on graph #1:
[2, 1]
[2, 3, 1]

There are 4 paths from 2 to 2 on graph #1:
[2, 1, 2]
[2, 1, 3, 2]
[2, 3, 1, 2]
[2, 3, 2]

There are 2 paths from 2 to 3 on graph #1:
[2, 1, 3]
[2, 3]

There are 2 paths from 3 to 1 on graph #1:
[3, 1]
[3, 2, 1]

There are 2 paths from 3 to 2 on graph #1:
[3, 1, 2]
[3, 2]

There are 4 paths from 3 to 3 on graph #1:
[3, 1, 2, 3]
[3, 1, 3]
[3, 2, 1, 3]
[3, 2, 3]


Paths on Graph: 2
There are 2 paths from 1 to 1 on graph #2:
[1, 1]
[1, 3, 1]

There are 0 paths from 1 to 2 on graph #2:
No Paths Found

There are 1 paths from 1 to 3 on graph #2:
[1, 3]

There are 2 paths from 2 to 1 on graph #2:
[2, 1]
[2, 3, 1]

There are 1 paths from 2 to 2 on graph #2:
[2, 2]

There are 2 paths from 2 to 3 on graph #2:
[2, 1, 3]
[2, 3]

There are 1 paths from 3 to 1 on graph #2:
[3, 1]

There are 0 paths from 3 to 2 on graph #2:
No Paths Found

There are 1 paths from 3 to 3 on graph #2:
[3, 1, 3]


Paths on Graph: 3
There are 65 paths from 1 to 1 on graph #3:
[1, 1]
[1, 2, 1]
[1, 2, 3, 1]
[1, 2, 3, 4, 1]
[1, 2, 3, 4, 5, 1]
[1, 2, 3, 5, 1]
[1, 2, 3, 5, 4, 1]
[1, 2, 4, 1]
[1, 2, 4, 3, 1]
[1, 2, 4, 3, 5, 1]
[1, 2, 4, 5, 1]
[1, 2, 4, 5, 3, 1]
[1, 2, 5, 1]
[1, 2, 5, 3, 1]
[1, 2, 5, 3, 4, 1]
[1, 2, 5, 4, 1]
[1, 2, 5, 4, 3, 1]
[1, 3, 1]
[1, 3, 2, 1]
[1, 3, 2, 4, 1]
[1, 3, 2, 4, 5, 1]
[1, 3, 2, 5, 1]
[1, 3, 2, 5, 4, 1]
[1, 3, 4, 1]
[1, 3, 4, 2, 1]
[1, 3, 4, 2, 5, 1]
[1, 3, 4, 5, 1]
[1, 3, 4, 5, 2, 1]
[1, 3, 5, 1]
[1, 3, 5, 2, 1]
[1, 3, 5, 2, 4, 1]
[1, 3, 5, 4, 1]
[1, 3, 5, 4, 2, 1]
[1, 4, 1]
[1, 4, 2, 1]
[1, 4, 2, 3, 1]
[1, 4, 2, 3, 5, 1]
[1, 4, 2, 5, 1]
[1, 4, 2, 5, 3, 1]
[1, 4, 3, 1]
[1, 4, 3, 2, 1]
[1, 4, 3, 2, 5, 1]
[1, 4, 3, 5, 1]
[1, 4, 3, 5, 2, 1]
[1, 4, 5, 1]
[1, 4, 5, 2, 1]
[1, 4, 5, 2, 3, 1]
[1, 4, 5, 3, 1]
[1, 4, 5, 3, 2, 1]
[1, 5, 1]
[1, 5, 2, 1]
[1, 5, 2, 3, 1]
[1, 5, 2, 3, 4, 1]
[1, 5, 2, 4, 1]
[1, 5, 2, 4, 3, 1]
[1, 5, 3, 1]
[1, 5, 3, 2, 1]
[1, 5, 3, 2, 4, 1]
[1, 5, 3, 4, 1]
[1, 5, 3, 4, 2, 1]
[1, 5, 4, 1]
[1, 5, 4, 2, 1]
[1, 5, 4, 2, 3, 1]
[1, 5, 4, 3, 1]
[1, 5, 4, 3, 2, 1]

There are 16 paths from 1 to 2 on graph #3:
[1, 2]
[1, 3, 2]
[1, 3, 4, 2]
[1, 3, 4, 5, 2]
[1, 3, 5, 2]
[1, 3, 5, 4, 2]
[1, 4, 2]
[1, 4, 3, 2]
[1, 4, 3, 5, 2]
[1, 4, 5, 2]
[1, 4, 5, 3, 2]
[1, 5, 2]
[1, 5, 3, 2]
[1, 5, 3, 4, 2]
[1, 5, 4, 2]
[1, 5, 4, 3, 2]

There are 16 paths from 1 to 3 on graph #3:
[1, 2, 3]
[1, 2, 4, 3]
[1, 2, 4, 5, 3]
[1, 2, 5, 3]
[1, 2, 5, 4, 3]
[1, 3]
[1, 4, 2, 3]
[1, 4, 2, 5, 3]
[1, 4, 3]
[1, 4, 5, 2, 3]
[1, 4, 5, 3]
[1, 5, 2, 3]
[1, 5, 2, 4, 3]
[1, 5, 3]
[1, 5, 4, 2, 3]
[1, 5, 4, 3]

There are 16 paths from 1 to 4 on graph #3:
[1, 2, 3, 4]
[1, 2, 3, 5, 4]
[1, 2, 4]
[1, 2, 5, 3, 4]
[1, 2, 5, 4]
[1, 3, 2, 4]
[1, 3, 2, 5, 4]
[1, 3, 4]
[1, 3, 5, 2, 4]
[1, 3, 5, 4]
[1, 4]
[1, 5, 2, 3, 4]
[1, 5, 2, 4]
[1, 5, 3, 2, 4]
[1, 5, 3, 4]
[1, 5, 4]

There are 16 paths from 1 to 5 on graph #3:
[1, 2, 3, 4, 5]
[1, 2, 3, 5]
[1, 2, 4, 3, 5]
[1, 2, 4, 5]
[1, 2, 5]
[1, 3, 2, 4, 5]
[1, 3, 2, 5]
[1, 3, 4, 2, 5]
[1, 3, 4, 5]
[1, 3, 5]
[1, 4, 2, 3, 5]
[1, 4, 2, 5]
[1, 4, 3, 2, 5]
[1, 4, 3, 5]
[1, 4, 5]
[1, 5]

There are 16 paths from 2 to 1 on graph #3:
[2, 1]
[2, 3, 1]
[2, 3, 4, 1]
[2, 3, 4, 5, 1]
[2, 3, 5, 1]
[2, 3, 5, 4, 1]
[2, 4, 1]
[2, 4, 3, 1]
[2, 4, 3, 5, 1]
[2, 4, 5, 1]
[2, 4, 5, 3, 1]
[2, 5, 1]
[2, 5, 3, 1]
[2, 5, 3, 4, 1]
[2, 5, 4, 1]
[2, 5, 4, 3, 1]

There are 65 paths from 2 to 2 on graph #3:
[2, 1, 2]
[2, 1, 3, 2]
[2, 1, 3, 4, 2]
[2, 1, 3, 4, 5, 2]
[2, 1, 3, 5, 2]
[2, 1, 3, 5, 4, 2]
[2, 1, 4, 2]
[2, 1, 4, 3, 2]
[2, 1, 4, 3, 5, 2]
[2, 1, 4, 5, 2]
[2, 1, 4, 5, 3, 2]
[2, 1, 5, 2]
[2, 1, 5, 3, 2]
[2, 1, 5, 3, 4, 2]
[2, 1, 5, 4, 2]
[2, 1, 5, 4, 3, 2]
[2, 2]
[2, 3, 1, 2]
[2, 3, 1, 4, 2]
[2, 3, 1, 4, 5, 2]
[2, 3, 1, 5, 2]
[2, 3, 1, 5, 4, 2]
[2, 3, 2]
[2, 3, 4, 1, 2]
[2, 3, 4, 1, 5, 2]
[2, 3, 4, 2]
[2, 3, 4, 5, 1, 2]
[2, 3, 4, 5, 2]
[2, 3, 5, 1, 2]
[2, 3, 5, 1, 4, 2]
[2, 3, 5, 2]
[2, 3, 5, 4, 1, 2]
[2, 3, 5, 4, 2]
[2, 4, 1, 2]
[2, 4, 1, 3, 2]
[2, 4, 1, 3, 5, 2]
[2, 4, 1, 5, 2]
[2, 4, 1, 5, 3, 2]
[2, 4, 2]
[2, 4, 3, 1, 2]
[2, 4, 3, 1, 5, 2]
[2, 4, 3, 2]
[2, 4, 3, 5, 1, 2]
[2, 4, 3, 5, 2]
[2, 4, 5, 1, 2]
[2, 4, 5, 1, 3, 2]
[2, 4, 5, 2]
[2, 4, 5, 3, 1, 2]
[2, 4, 5, 3, 2]
[2, 5, 1, 2]
[2, 5, 1, 3, 2]
[2, 5, 1, 3, 4, 2]
[2, 5, 1, 4, 2]
[2, 5, 1, 4, 3, 2]
[2, 5, 2]
[2, 5, 3, 1, 2]
[2, 5, 3, 1, 4, 2]
[2, 5, 3, 2]
[2, 5, 3, 4, 1, 2]
[2, 5, 3, 4, 2]
[2, 5, 4, 1, 2]
[2, 5, 4, 1, 3, 2]
[2, 5, 4, 2]
[2, 5, 4, 3, 1, 2]
[2, 5, 4, 3, 2]

There are 16 paths from 2 to 3 on graph #3:
[2, 1, 3]
[2, 1, 4, 3]
[2, 1, 4, 5, 3]
[2, 1, 5, 3]
[2, 1, 5, 4, 3]
[2, 3]
[2, 4, 1, 3]
[2, 4, 1, 5, 3]
[2, 4, 3]
[2, 4, 5, 1, 3]
[2, 4, 5, 3]
[2, 5, 1, 3]
[2, 5, 1, 4, 3]
[2, 5, 3]
[2, 5, 4, 1, 3]
[2, 5, 4, 3]

There are 16 paths from 2 to 4 on graph #3:
[2, 1, 3, 4]
[2, 1, 3, 5, 4]
[2, 1, 4]
[2, 1, 5, 3, 4]
[2, 1, 5, 4]
[2, 3, 1, 4]
[2, 3, 1, 5, 4]
[2, 3, 4]
[2, 3, 5, 1, 4]
[2, 3, 5, 4]
[2, 4]
[2, 5, 1, 3, 4]
[2, 5, 1, 4]
[2, 5, 3, 1, 4]
[2, 5, 3, 4]
[2, 5, 4]

There are 16 paths from 2 to 5 on graph #3:
[2, 1, 3, 4, 5]
[2, 1, 3, 5]
[2, 1, 4, 3, 5]
[2, 1, 4, 5]
[2, 1, 5]
[2, 3, 1, 4, 5]
[2, 3, 1, 5]
[2, 3, 4, 1, 5]
[2, 3, 4, 5]
[2, 3, 5]
[2, 4, 1, 3, 5]
[2, 4, 1, 5]
[2, 4, 3, 1, 5]
[2, 4, 3, 5]
[2, 4, 5]
[2, 5]

There are 16 paths from 3 to 1 on graph #3:
[3, 1]
[3, 2, 1]
[3, 2, 4, 1]
[3, 2, 4, 5, 1]
[3, 2, 5, 1]
[3, 2, 5, 4, 1]
[3, 4, 1]
[3, 4, 2, 1]
[3, 4, 2, 5, 1]
[3, 4, 5, 1]
[3, 4, 5, 2, 1]
[3, 5, 1]
[3, 5, 2, 1]
[3, 5, 2, 4, 1]
[3, 5, 4, 1]
[3, 5, 4, 2, 1]

There are 16 paths from 3 to 2 on graph #3:
[3, 1, 2]
[3, 1, 4, 2]
[3, 1, 4, 5, 2]
[3, 1, 5, 2]
[3, 1, 5, 4, 2]
[3, 2]
[3, 4, 1, 2]
[3, 4, 1, 5, 2]
[3, 4, 2]
[3, 4, 5, 1, 2]
[3, 4, 5, 2]
[3, 5, 1, 2]
[3, 5, 1, 4, 2]
[3, 5, 2]
[3, 5, 4, 1, 2]
[3, 5, 4, 2]

There are 65 paths from 3 to 3 on graph #3:
[3, 1, 2, 3]
[3, 1, 2, 4, 3]
[3, 1, 2, 4, 5, 3]
[3, 1, 2, 5, 3]
[3, 1, 2, 5, 4, 3]
[3, 1, 3]
[3, 1, 4, 2, 3]
[3, 1, 4, 2, 5, 3]
[3, 1, 4, 3]
[3, 1, 4, 5, 2, 3]
[3, 1, 4, 5, 3]
[3, 1, 5, 2, 3]
[3, 1, 5, 2, 4, 3]
[3, 1, 5, 3]
[3, 1, 5, 4, 2, 3]
[3, 1, 5, 4, 3]
[3, 2, 1, 3]
[3, 2, 1, 4, 3]
[3, 2, 1, 4, 5, 3]
[3, 2, 1, 5, 3]
[3, 2, 1, 5, 4, 3]
[3, 2, 3]
[3, 2, 4, 1, 3]
[3, 2, 4, 1, 5, 3]
[3, 2, 4, 3]
[3, 2, 4, 5, 1, 3]
[3, 2, 4, 5, 3]
[3, 2, 5, 1, 3]
[3, 2, 5, 1, 4, 3]
[3, 2, 5, 3]
[3, 2, 5, 4, 1, 3]
[3, 2, 5, 4, 3]
[3, 3]
[3, 4, 1, 2, 3]
[3, 4, 1, 2, 5, 3]
[3, 4, 1, 3]
[3, 4, 1, 5, 2, 3]
[3, 4, 1, 5, 3]
[3, 4, 2, 1, 3]
[3, 4, 2, 1, 5, 3]
[3, 4, 2, 3]
[3, 4, 2, 5, 1, 3]
[3, 4, 2, 5, 3]
[3, 4, 3]
[3, 4, 5, 1, 2, 3]
[3, 4, 5, 1, 3]
[3, 4, 5, 2, 1, 3]
[3, 4, 5, 2, 3]
[3, 4, 5, 3]
[3, 5, 1, 2, 3]
[3, 5, 1, 2, 4, 3]
[3, 5, 1, 3]
[3, 5, 1, 4, 2, 3]
[3, 5, 1, 4, 3]
[3, 5, 2, 1, 3]
[3, 5, 2, 1, 4, 3]
[3, 5, 2, 3]
[3, 5, 2, 4, 1, 3]
[3, 5, 2, 4, 3]
[3, 5, 3]
[3, 5, 4, 1, 2, 3]
[3, 5, 4, 1, 3]
[3, 5, 4, 2, 1, 3]
[3, 5, 4, 2, 3]
[3, 5, 4, 3]

There are 16 paths from 3 to 4 on graph #3:
[3, 1, 2, 4]
[3, 1, 2, 5, 4]
[3, 1, 4]
[3, 1, 5, 2, 4]
[3, 1, 5, 4]
[3, 2, 1, 4]
[3, 2, 1, 5, 4]
[3, 2, 4]
[3, 2, 5, 1, 4]
[3, 2, 5, 4]
[3, 4]
[3, 5, 1, 2, 4]
[3, 5, 1, 4]
[3, 5, 2, 1, 4]
[3, 5, 2, 4]
[3, 5, 4]

There are 16 paths from 3 to 5 on graph #3:
[3, 1, 2, 4, 5]
[3, 1, 2, 5]
[3, 1, 4, 2, 5]
[3, 1, 4, 5]
[3, 1, 5]
[3, 2, 1, 4, 5]
[3, 2, 1, 5]
[3, 2, 4, 1, 5]
[3, 2, 4, 5]
[3, 2, 5]
[3, 4, 1, 2, 5]
[3, 4, 1, 5]
[3, 4, 2, 1, 5]
[3, 4, 2, 5]
[3, 4, 5]
[3, 5]

There are 16 paths from 4 to 1 on graph #3:
[4, 1]
[4, 2, 1]
[4, 2, 3, 1]
[4, 2, 3, 5, 1]
[4, 2, 5, 1]
[4, 2, 5, 3, 1]
[4, 3, 1]
[4, 3, 2, 1]
[4, 3, 2, 5, 1]
[4, 3, 5, 1]
[4, 3, 5, 2, 1]
[4, 5, 1]
[4, 5, 2, 1]
[4, 5, 2, 3, 1]
[4, 5, 3, 1]
[4, 5, 3, 2, 1]

There are 16 paths from 4 to 2 on graph #3:
[4, 1, 2]
[4, 1, 3, 2]
[4, 1, 3, 5, 2]
[4, 1, 5, 2]
[4, 1, 5, 3, 2]
[4, 2]
[4, 3, 1, 2]
[4, 3, 1, 5, 2]
[4, 3, 2]
[4, 3, 5, 1, 2]
[4, 3, 5, 2]
[4, 5, 1, 2]
[4, 5, 1, 3, 2]
[4, 5, 2]
[4, 5, 3, 1, 2]
[4, 5, 3, 2]

There are 16 paths from 4 to 3 on graph #3:
[4, 1, 2, 3]
[4, 1, 2, 5, 3]
[4, 1, 3]
[4, 1, 5, 2, 3]
[4, 1, 5, 3]
[4, 2, 1, 3]
[4, 2, 1, 5, 3]
[4, 2, 3]
[4, 2, 5, 1, 3]
[4, 2, 5, 3]
[4, 3]
[4, 5, 1, 2, 3]
[4, 5, 1, 3]
[4, 5, 2, 1, 3]
[4, 5, 2, 3]
[4, 5, 3]

There are 65 paths from 4 to 4 on graph #3:
[4, 1, 2, 3, 4]
[4, 1, 2, 3, 5, 4]
[4, 1, 2, 4]
[4, 1, 2, 5, 3, 4]
[4, 1, 2, 5, 4]
[4, 1, 3, 2, 4]
[4, 1, 3, 2, 5, 4]
[4, 1, 3, 4]
[4, 1, 3, 5, 2, 4]
[4, 1, 3, 5, 4]
[4, 1, 4]
[4, 1, 5, 2, 3, 4]
[4, 1, 5, 2, 4]
[4, 1, 5, 3, 2, 4]
[4, 1, 5, 3, 4]
[4, 1, 5, 4]
[4, 2, 1, 3, 4]
[4, 2, 1, 3, 5, 4]
[4, 2, 1, 4]
[4, 2, 1, 5, 3, 4]
[4, 2, 1, 5, 4]
[4, 2, 3, 1, 4]
[4, 2, 3, 1, 5, 4]
[4, 2, 3, 4]
[4, 2, 3, 5, 1, 4]
[4, 2, 3, 5, 4]
[4, 2, 4]
[4, 2, 5, 1, 3, 4]
[4, 2, 5, 1, 4]
[4, 2, 5, 3, 1, 4]
[4, 2, 5, 3, 4]
[4, 2, 5, 4]
[4, 3, 1, 2, 4]
[4, 3, 1, 2, 5, 4]
[4, 3, 1, 4]
[4, 3, 1, 5, 2, 4]
[4, 3, 1, 5, 4]
[4, 3, 2, 1, 4]
[4, 3, 2, 1, 5, 4]
[4, 3, 2, 4]
[4, 3, 2, 5, 1, 4]
[4, 3, 2, 5, 4]
[4, 3, 4]
[4, 3, 5, 1, 2, 4]
[4, 3, 5, 1, 4]
[4, 3, 5, 2, 1, 4]
[4, 3, 5, 2, 4]
[4, 3, 5, 4]
[4, 4]
[4, 5, 1, 2, 3, 4]
[4, 5, 1, 2, 4]
[4, 5, 1, 3, 2, 4]
[4, 5, 1, 3, 4]
[4, 5, 1, 4]
[4, 5, 2, 1, 3, 4]
[4, 5, 2, 1, 4]
[4, 5, 2, 3, 1, 4]
[4, 5, 2, 3, 4]
[4, 5, 2, 4]
[4, 5, 3, 1, 2, 4]
[4, 5, 3, 1, 4]
[4, 5, 3, 2, 1, 4]
[4, 5, 3, 2, 4]
[4, 5, 3, 4]
[4, 5, 4]

There are 16 paths from 4 to 5 on graph #3:
[4, 1, 2, 3, 5]
[4, 1, 2, 5]
[4, 1, 3, 2, 5]
[4, 1, 3, 5]
[4, 1, 5]
[4, 2, 1, 3, 5]
[4, 2, 1, 5]
[4, 2, 3, 1, 5]
[4, 2, 3, 5]
[4, 2, 5]
[4, 3, 1, 2, 5]
[4, 3, 1, 5]
[4, 3, 2, 1, 5]
[4, 3, 2, 5]
[4, 3, 5]
[4, 5]

There are 16 paths from 5 to 1 on graph #3:
[5, 1]
[5, 2, 1]
[5, 2, 3, 1]
[5, 2, 3, 4, 1]
[5, 2, 4, 1]
[5, 2, 4, 3, 1]
[5, 3, 1]
[5, 3, 2, 1]
[5, 3, 2, 4, 1]
[5, 3, 4, 1]
[5, 3, 4, 2, 1]
[5, 4, 1]
[5, 4, 2, 1]
[5, 4, 2, 3, 1]
[5, 4, 3, 1]
[5, 4, 3, 2, 1]

There are 16 paths from 5 to 2 on graph #3:
[5, 1, 2]
[5, 1, 3, 2]
[5, 1, 3, 4, 2]
[5, 1, 4, 2]
[5, 1, 4, 3, 2]
[5, 2]
[5, 3, 1, 2]
[5, 3, 1, 4, 2]
[5, 3, 2]
[5, 3, 4, 1, 2]
[5, 3, 4, 2]
[5, 4, 1, 2]
[5, 4, 1, 3, 2]
[5, 4, 2]
[5, 4, 3, 1, 2]
[5, 4, 3, 2]

There are 16 paths from 5 to 3 on graph #3:
[5, 1, 2, 3]
[5, 1, 2, 4, 3]
[5, 1, 3]
[5, 1, 4, 2, 3]
[5, 1, 4, 3]
[5, 2, 1, 3]
[5, 2, 1, 4, 3]
[5, 2, 3]
[5, 2, 4, 1, 3]
[5, 2, 4, 3]
[5, 3]
[5, 4, 1, 2, 3]
[5, 4, 1, 3]
[5, 4, 2, 1, 3]
[5, 4, 2, 3]
[5, 4, 3]

There are 16 paths from 5 to 4 on graph #3:
[5, 1, 2, 3, 4]
[5, 1, 2, 4]
[5, 1, 3, 2, 4]
[5, 1, 3, 4]
[5, 1, 4]
[5, 2, 1, 3, 4]
[5, 2, 1, 4]
[5, 2, 3, 1, 4]
[5, 2, 3, 4]
[5, 2, 4]
[5, 3, 1, 2, 4]
[5, 3, 1, 4]
[5, 3, 2, 1, 4]
[5, 3, 2, 4]
[5, 3, 4]
[5, 4]

There are 65 paths from 5 to 5 on graph #3:
[5, 1, 2, 3, 4, 5]
[5, 1, 2, 3, 5]
[5, 1, 2, 4, 3, 5]
[5, 1, 2, 4, 5]
[5, 1, 2, 5]
[5, 1, 3, 2, 4, 5]
[5, 1, 3, 2, 5]
[5, 1, 3, 4, 2, 5]
[5, 1, 3, 4, 5]
[5, 1, 3, 5]
[5, 1, 4, 2, 3, 5]
[5, 1, 4, 2, 5]
[5, 1, 4, 3, 2, 5]
[5, 1, 4, 3, 5]
[5, 1, 4, 5]
[5, 1, 5]
[5, 2, 1, 3, 4, 5]
[5, 2, 1, 3, 5]
[5, 2, 1, 4, 3, 5]
[5, 2, 1, 4, 5]
[5, 2, 1, 5]
[5, 2, 3, 1, 4, 5]
[5, 2, 3, 1, 5]
[5, 2, 3, 4, 1, 5]
[5, 2, 3, 4, 5]
[5, 2, 3, 5]
[5, 2, 4, 1, 3, 5]
[5, 2, 4, 1, 5]
[5, 2, 4, 3, 1, 5]
[5, 2, 4, 3, 5]
[5, 2, 4, 5]
[5, 2, 5]
[5, 3, 1, 2, 4, 5]
[5, 3, 1, 2, 5]
[5, 3, 1, 4, 2, 5]
[5, 3, 1, 4, 5]
[5, 3, 1, 5]
[5, 3, 2, 1, 4, 5]
[5, 3, 2, 1, 5]
[5, 3, 2, 4, 1, 5]
[5, 3, 2, 4, 5]
[5, 3, 2, 5]
[5, 3, 4, 1, 2, 5]
[5, 3, 4, 1, 5]
[5, 3, 4, 2, 1, 5]
[5, 3, 4, 2, 5]
[5, 3, 4, 5]
[5, 3, 5]
[5, 4, 1, 2, 3, 5]
[5, 4, 1, 2, 5]
[5, 4, 1, 3, 2, 5]
[5, 4, 1, 3, 5]
[5, 4, 1, 5]
[5, 4, 2, 1, 3, 5]
[5, 4, 2, 1, 5]
[5, 4, 2, 3, 1, 5]
[5, 4, 2, 3, 5]
[5, 4, 2, 5]
[5, 4, 3, 1, 2, 5]
[5, 4, 3, 1, 5]
[5, 4, 3, 2, 1, 5]
[5, 4, 3, 2, 5]
[5, 4, 3, 5]
[5, 4, 5]
[5, 5]

